     0/299      2.2G   0.06559   0.01695   0.02676    0.1093        52       640  0.005209    0.1629  0.002854 0.0004196   0.05274   0.01181   0.01801
     1/299     11.7G   0.05924   0.01444   0.02857    0.1022        38       640  0.006556    0.1235  0.005627 0.0009661    0.0391   0.00916   0.01718
     2/299     12.4G   0.04593   0.01365   0.02444   0.08402        37       640   0.05791    0.2723   0.06236   0.02202   0.03082  0.007863   0.01448
     3/299     12.4G   0.04275   0.01306    0.0227    0.0785        54       640   0.08172    0.5667   0.09913   0.04655   0.03052  0.006804   0.01391
     4/299     12.4G   0.04448   0.01111    0.0225   0.07809        33       640   0.08452    0.1717   0.09035    0.0364   0.03348  0.006305   0.01409
     5/299     12.4G   0.03856   0.01024   0.02065   0.06945        38       640    0.1742    0.3219    0.1576    0.1025    0.0315   0.00507   0.01342
     6/299     11.3G   0.04164   0.01035    0.0223   0.07429        38       640    0.2092    0.6312    0.3046    0.1702   0.02853  0.004333   0.01307
     7/299     11.3G   0.03922  0.009777    0.0208    0.0698        61       640    0.1988     0.458    0.2872    0.1535   0.02994  0.003821   0.01343
     8/299     11.3G   0.03633  0.008843   0.01955   0.06472        48       640    0.2019    0.4633    0.2433    0.1309    0.0278  0.004031   0.01375
     9/299     11.3G   0.04452   0.00948   0.02453   0.07853        54       640         0         0         0         0   0.03995    0.1314     0.015
    10/299     11.3G    0.0459  0.009714   0.02225   0.07786        49       640   0.02986    0.4716   0.02605   0.01281   0.03523  0.006193   0.01404
    11/299     11.3G   0.03806  0.008448   0.01946   0.06596        48       640    0.2256    0.4171    0.2473    0.1362   0.03466  0.003897   0.01417
    12/299     11.3G   0.04256  0.008997   0.02177   0.07332        37       640    0.3853    0.6371    0.3875    0.2313   0.03329  0.003243   0.01362
    13/299     11.3G   0.03713  0.008286   0.01888   0.06429        37       640    0.3394    0.4266    0.3402    0.2215   0.03575  0.004109   0.01456
    14/299     11.3G   0.03413  0.008265   0.01895   0.06134        41       640    0.2412    0.6606    0.2683    0.1747    0.0351  0.003975   0.01449
    15/299     11.3G   0.03631  0.008985   0.01896   0.06425        55       640    0.1765    0.5941    0.2351    0.1335   0.03166  0.003747    0.0137
    16/299     11.3G   0.04592  0.008578   0.02018   0.07468        41       640    0.4481    0.5095    0.3289    0.1607   0.03137  0.003892   0.01286
    17/299     11.3G    0.0345  0.008818   0.01893   0.06226        41       640    0.5645    0.3723    0.3275    0.1298   0.04288  0.003576   0.01341
    18/299     11.3G   0.04184   0.00809   0.01822   0.06815        46       640    0.2302    0.4435    0.2287    0.1064   0.04173  0.004101   0.01308
    19/299     11.3G   0.03786  0.008512   0.01936   0.06573        41       640    0.2343     0.468    0.2387    0.1083   0.03777  0.003617    0.0129
    20/299     11.3G   0.03309  0.008605   0.01802   0.05972        47       640     0.236    0.7166    0.4036    0.2078    0.0407  0.003415   0.01316
    21/299     11.3G   0.04183  0.007847   0.01927   0.06895        34       640    0.2845    0.6369    0.4198    0.2361   0.03905  0.003667   0.01329
    22/299     11.3G   0.03875  0.009149   0.01926   0.06716        41       640    0.3304    0.3857    0.3072    0.1252   0.04293  0.003318   0.01518
    23/299     11.3G   0.03745  0.009307   0.01875   0.06551        27       640     0.695    0.3099    0.3594     0.192   0.04252  0.003865   0.01395
    24/299     11.3G   0.04224  0.009066   0.02087   0.07218        36       640     0.002    0.4037  0.001536 0.0006855   0.04667   0.01841   0.01469
    25/299     11.3G   0.03186  0.009269   0.01842   0.05955        38       640    0.1696    0.4919    0.2608    0.0916   0.04557  0.004281   0.01418
    26/299     11.3G   0.03915  0.009644   0.01979   0.06858        48       640    0.6147    0.3803    0.3249    0.1566   0.04688  0.003516    0.0138
    27/299     11.3G   0.03347  0.009387   0.01798   0.06084        45       640    0.4898    0.2992    0.2628    0.1004   0.04724  0.004512   0.01367
    28/299     11.3G   0.03906  0.008677   0.01966    0.0674        37       640    0.2923    0.6127    0.4286     0.225   0.04402  0.003491   0.01354
    29/299     11.3G   0.04651  0.008572   0.02097   0.07605        39       640    0.1452    0.5238    0.2567    0.1082   0.04931  0.004452   0.01385
    30/299     11.3G   0.03701  0.008191   0.01943   0.06463        52       640    0.5327    0.1649    0.1791    0.1198   0.04872  0.004281     0.014
    31/299     11.3G   0.04674  0.008353   0.02089   0.07598        42       640    0.6084    0.4827    0.3843    0.1869   0.04715  0.002867   0.01312
    32/299     11.3G   0.03791  0.008786    0.0197    0.0664        49       640    0.5436    0.5356    0.5157    0.2708   0.04194  0.003461    0.0127
    33/299     11.3G   0.04796  0.008489   0.02122   0.07767        39       640    0.4357    0.5158    0.3383    0.1559   0.04258  0.003674   0.01265
    34/299     11.3G   0.03667  0.008113   0.01866   0.06344        50       640   0.08123    0.5344   0.09064   0.02589   0.05113  0.004424   0.01559
    35/299     11.3G   0.03711  0.008459   0.02096   0.06653        34       640   0.07364    0.3153    0.0945   0.05051   0.04912  0.005438   0.01523
    36/299     11.3G   0.04297  0.008472   0.02057   0.07201        47       640    0.3373    0.5646    0.4004    0.2306   0.04583  0.003489   0.01374
    37/299     11.3G    0.0453  0.008645    0.0207   0.07465        55       640    0.6054    0.4486    0.3785    0.1958   0.04621  0.003604   0.01312
    38/299     11.3G   0.03307  0.008304   0.01749   0.05887        43       640    0.5725    0.6081    0.5152     0.307   0.04434   0.00318   0.01265
    39/299     11.3G   0.03862  0.008373   0.01986   0.06686        47       640    0.6774    0.4872    0.5347    0.3594   0.04086  0.003285   0.01262
    40/299     11.3G   0.04698   0.00901   0.02036   0.07635        34       640  0.002836   0.01538 0.0002264 4.444e-05   0.06056  0.004914   0.02261
    41/299     11.3G   0.04792  0.008986   0.02267   0.07958        36       640  0.002326      0.37  0.001607 0.0002626    0.0555  0.005545   0.01397
    42/299     11.3G   0.04228  0.008743   0.02138    0.0724        42       640   0.06652    0.1115    0.0467   0.02932   0.06139  0.006135   0.01566
    43/299     11.3G   0.03657   0.00925   0.01788    0.0637        42       640    0.6268    0.1413    0.1566   0.09338   0.05234  0.004374    0.0155
    44/299     11.3G   0.04037  0.009183      0.02   0.06955        37       640    0.4939    0.1362    0.1626    0.1048   0.04992  0.004304   0.01497
    45/299     11.3G   0.03889  0.008964   0.02053   0.06838        41       640    0.3819    0.2572    0.1744   0.09271   0.04777  0.004296   0.01415
    46/299     11.3G   0.04079  0.008303   0.01951    0.0686        33       640    0.3818    0.5867    0.5453    0.3207   0.04074   0.00342   0.01188
    47/299     11.3G   0.03757  0.008444   0.01859   0.06461        45       640    0.6966    0.5416    0.5646    0.3271   0.04082  0.003459   0.01181
    48/299     11.3G   0.03431  0.008466   0.01763   0.06041        47       640    0.6449    0.5609    0.4945    0.2772   0.04025  0.003699   0.01229
    49/299     11.3G   0.03952  0.008633   0.02037   0.06852        35       640     0.674    0.5001    0.4928    0.2561   0.04209  0.003465   0.01362
    50/299     13.7G   0.03107  0.008946   0.01709   0.05711        39       640    0.4738     0.484    0.5221     0.312   0.03939   0.00349    0.0122
    51/299     13.7G   0.03964  0.008128   0.01854   0.06631        35       640    0.2493    0.4279    0.2957    0.1466   0.04291  0.004194   0.01286
    52/299     13.7G   0.04028  0.008427   0.01936   0.06807        33       640    0.7201    0.4023    0.4892    0.2574   0.04063  0.003682   0.01268
    53/299     13.7G    0.0389  0.008409   0.01886   0.06617        45       640     0.503    0.5385     0.564    0.3022   0.04058  0.003986   0.01078
    54/299     13.7G   0.04388  0.008644   0.01921   0.07173        37       640    0.7058    0.5121    0.5724    0.3205    0.0338  0.003764   0.01123
    55/299     13.7G   0.04621  0.008711   0.01845   0.07338        45       640    0.6981    0.4424     0.532    0.3333   0.03521  0.003737  0.008918
    56/299     13.7G   0.03828  0.008789   0.01973    0.0668        34       640    0.5927     0.499    0.4631    0.2706   0.03906   0.00401   0.01053
    57/299     13.7G   0.04253  0.008745    0.0209   0.07217        38       640    0.8203    0.5892    0.6589    0.4141   0.03119  0.003676  0.009085
    58/299     13.7G   0.03507  0.009001   0.01834   0.06241        49       640    0.5112    0.6783    0.6474    0.4262   0.03142  0.003095   0.01003
    59/299     13.7G   0.04046  0.007919   0.01915   0.06752        41       640     0.454    0.6371    0.6002    0.4002   0.03394  0.003037   0.01039
    60/299     13.7G     0.041  0.008289   0.01857   0.06785        33       640    0.6144    0.7001    0.7332    0.5285   0.03102  0.003025  0.008057
    61/299     13.7G   0.03678  0.008254    0.0179   0.06294        48       640    0.6698    0.7488    0.7758    0.5114    0.0316  0.002892  0.008457
    62/299     13.7G   0.03425  0.008263   0.01834   0.06086        39       640    0.7894     0.425    0.4941    0.2912    0.0402  0.003119   0.01013
    63/299     13.7G   0.03713  0.008804   0.02037    0.0663        37       640    0.3252    0.5918    0.4511     0.246   0.03955  0.003195   0.01391
    64/299     13.7G   0.03974  0.007832   0.01992    0.0675        40       640    0.5304    0.6655     0.685    0.4176   0.03613  0.002844  0.009493
    65/299     13.7G   0.03587  0.008164   0.01818   0.06221        51       640    0.9181     0.637    0.7547    0.5284   0.03628  0.002687  0.007288
    66/299     13.7G   0.03217  0.007667   0.01763   0.05747        36       640    0.8303    0.7248    0.7504     0.525   0.03368  0.002767  0.007192
    67/299     13.7G   0.02956  0.007894   0.01621   0.05366        49       640    0.8799    0.7043    0.7645    0.5324   0.03314  0.002767  0.006788
    68/299     13.7G   0.03985  0.007824   0.01806   0.06573        56       640    0.9253    0.6914    0.7775    0.4614   0.03548  0.003076   0.00753
    69/299     13.7G   0.03163  0.007799   0.01628    0.0557        43       640    0.8957    0.7096    0.8574     0.604   0.03419  0.002697  0.006364
    70/299     13.7G    0.0417  0.008169   0.01998   0.06985        47       640    0.5853    0.8741    0.7907     0.491   0.03565  0.002807  0.007058
    71/299     13.7G   0.03636   0.00756   0.01793   0.06185        36       640    0.4909    0.5792    0.5042    0.2912    0.0375  0.002865   0.01161
    72/299     13.7G   0.03805  0.007577   0.01711   0.06273        23       640    0.8264    0.5961    0.7193    0.4426   0.03689  0.002695  0.009295
    73/299     13.7G   0.03143   0.00806   0.01553   0.05502        37       640    0.8696    0.6444    0.7889    0.5362   0.03398  0.002554  0.008312
    74/299     13.7G   0.03386  0.007448   0.01714   0.05845        51       640    0.9382    0.6915    0.7808    0.5737   0.03339  0.002593  0.007007
    75/299     13.7G   0.03591  0.007535   0.01681   0.06026        44       640    0.6019    0.8712    0.8731    0.6648     0.031  0.002761  0.006417
    76/299     13.7G   0.02912  0.007035   0.01578   0.05193        41       640    0.3277    0.5098     0.458     0.252   0.04268  0.003609   0.01369
    77/299     13.7G   0.03591  0.007529   0.01728   0.06073        61       640    0.7316    0.7067     0.788    0.5678   0.03306  0.002904  0.006905
    78/299     13.7G    0.0392  0.007488   0.01824   0.06493        46       640    0.6877    0.8603    0.8696    0.6261   0.03415  0.002752   0.00651
    79/299     13.7G   0.03253  0.007337   0.01586   0.05573        54       640    0.6688    0.8329    0.8481    0.6358   0.03233  0.002611  0.006024
    80/299     13.7G   0.03348  0.007378   0.01632   0.05718        44       640    0.8285    0.7985    0.8942    0.6759   0.03104  0.002426  0.005378
    81/299     13.7G   0.03104  0.007359    0.0153   0.05369        23       640    0.8092    0.8802    0.9222    0.6896   0.03139  0.002689   0.00589
    82/299     13.7G   0.03823  0.007821   0.01735    0.0634        34       640    0.7942     0.888     0.926    0.6862   0.02999  0.002679  0.005959
    83/299     13.7G   0.03642  0.007536    0.0162   0.06016        38       640    0.7174    0.8624    0.8689    0.6488    0.0292  0.002654  0.006315
    84/299     13.7G   0.03627  0.007427   0.01652   0.06022        38       640    0.8646     0.773    0.8832    0.6794   0.02818   0.00266  0.006203
    85/299     13.7G   0.03479  0.007588   0.01646   0.05884        37       640    0.8125    0.8818    0.9176    0.6999   0.02776  0.002425  0.006377
    86/299     13.7G    0.0309  0.007552   0.01487   0.05332        45       640     0.807    0.7717    0.8486    0.5921   0.02933  0.002638  0.006846
    87/299     13.7G   0.03435    0.0078   0.01598   0.05813        50       640    0.7136    0.8946    0.8959    0.6673   0.02838   0.00269   0.00638
    88/299     13.7G   0.02798  0.007214   0.01336   0.04856        25       640    0.8748    0.8066     0.868    0.6418   0.02839  0.002799  0.006251
    89/299     13.7G   0.03592  0.007295   0.01516   0.05837        41       640    0.7398    0.7704     0.843    0.5753   0.03006  0.002735  0.006864
    90/299     13.7G   0.03838  0.006984    0.0165   0.06186        44       640    0.9238    0.8474    0.9186    0.7193   0.02899  0.002567  0.005821
    91/299     13.7G   0.03237  0.007295   0.01442   0.05408        42       640     0.908    0.8353    0.9335    0.7084   0.02857  0.002343  0.006238
    92/299     13.7G   0.03154  0.007038   0.01451   0.05309        36       640    0.8514     0.827    0.9065    0.6888   0.02796  0.002214  0.007032
    93/299     13.7G   0.02956   0.00709   0.01478   0.05143        44       640    0.9337    0.8898    0.9318    0.7184   0.02786  0.002503  0.006183
    94/299     13.7G   0.03223  0.006973   0.01459   0.05379        35       640    0.8025    0.9068    0.9389     0.686   0.02911  0.002623  0.006723
    95/299     13.7G   0.03162  0.007003   0.01464   0.05326        44       640     0.883    0.8309    0.9355    0.6802   0.02878  0.002503    0.0067
    96/299     13.7G   0.03445   0.00671   0.01593    0.0571        38       640    0.9093    0.8356    0.9317    0.7149   0.02845  0.002303  0.006879
    97/299     13.7G   0.03672  0.007444   0.01698   0.06115        44       640    0.5276    0.6091    0.5818    0.3225   0.03578  0.003347  0.009562
    98/299     13.7G   0.02805  0.007379    0.0146   0.05003        34       640    0.9476     0.886    0.9528    0.6739   0.02949   0.00273  0.006531
    99/299     13.7G   0.02393    0.0074   0.01312   0.04445        39       640    0.8131    0.6993    0.7908    0.5601   0.03146   0.00335  0.007252
   100/299     13.7G   0.03001  0.007122    0.0142   0.05132        43       640    0.9184    0.6945    0.8002    0.5575   0.03058  0.003178  0.008311
   101/299     13.7G   0.03398  0.007273   0.01634   0.05759        45       640     0.694    0.8343      0.85    0.5905   0.02966  0.002886  0.008708
   102/299     13.7G   0.02675  0.007186    0.0145   0.04843        49       640    0.8382    0.9156    0.9351    0.6771     0.028  0.002675  0.007114
   103/299     13.7G   0.03234  0.007634   0.01488   0.05485        40       640    0.8876    0.8681    0.9463    0.7145   0.02601  0.002284   0.00618
   104/299     13.7G   0.03249  0.006973   0.01486   0.05432        39       640     0.845    0.8789    0.9275    0.7035   0.02916  0.002408  0.007761
   105/299     13.7G   0.03288  0.007116   0.01484   0.05483        52       640    0.9158    0.8516    0.9373    0.6823   0.02924  0.002324  0.006284
   106/299     13.7G   0.04075   0.00712    0.0156   0.06347        39       640    0.9284    0.7955    0.9301    0.6971   0.02811  0.002474  0.006493
   107/299     13.7G   0.03184    0.0074   0.01515   0.05439        57       640    0.8608    0.9005    0.9475    0.7307   0.02793   0.00228  0.006393
   108/299     13.7G   0.02694  0.006626   0.01354    0.0471        36       640     0.922    0.9066    0.9523    0.7023   0.02923  0.002385  0.005532
   109/299     13.7G   0.03185  0.007016   0.01444   0.05331        45       640     0.903    0.9187    0.9518    0.7414   0.02693  0.002527  0.005631
   110/299     13.7G   0.03127  0.007184   0.01508   0.05353        39       640    0.9639    0.8546    0.9467    0.7246   0.02785  0.002625  0.005907
   111/299     13.7G   0.02906  0.006787   0.01483   0.05067        44       640    0.9645    0.8809    0.9439    0.7029   0.02766   0.00245  0.005792
   112/299     13.7G   0.02859  0.006411    0.0139    0.0489        43       640    0.8813    0.8843    0.9125    0.6718   0.02807  0.002323    0.0068
   113/299     13.7G   0.03034   0.00663    0.0137   0.05066        47       640    0.8999    0.8428    0.9053    0.6661   0.02767  0.002347  0.006642
   114/299     13.7G   0.03014  0.006777   0.01399   0.05091        44       640    0.9286     0.864    0.9324    0.7119   0.02807  0.002293  0.006197
   115/299     13.7G   0.03138  0.006804   0.01401   0.05219        39       640    0.9345    0.7964    0.9151    0.7396   0.02763  0.002219  0.007606
   116/299     13.7G   0.03294  0.007234   0.01458   0.05475        51       640     0.966    0.8621    0.9368    0.7233   0.02758  0.002375  0.006427
   117/299     13.7G   0.02774  0.006907   0.01339   0.04804        45       640     0.873    0.9287    0.9552    0.7445   0.02699  0.002087  0.006067
   118/299     13.7G   0.03253  0.006704   0.01489   0.05413        45       640    0.9096    0.8777    0.9395     0.743   0.02721  0.002252  0.006051
   119/299     13.7G   0.03312  0.007109   0.01518   0.05541        38       640    0.9414    0.7922    0.9221    0.6502   0.02986  0.002562  0.005775
   120/299     13.7G   0.02994  0.006305   0.01343   0.04967        43       640    0.9013    0.8606    0.9058    0.6333   0.03092  0.002441   0.00557
   121/299     13.7G    0.0398  0.006857   0.01653   0.06319        27       640    0.8894    0.8453     0.921    0.6984   0.02853  0.002384  0.006189
   122/299     13.7G   0.03469  0.007297   0.01519   0.05718        49       640    0.9505    0.8778    0.9532     0.719   0.02883  0.002219  0.005772
   123/299     13.7G    0.0311  0.007077    0.0137   0.05188        48       640    0.9616    0.8873    0.9586    0.7171   0.02912  0.002369  0.005722
   124/299     13.7G    0.0367   0.00665   0.01554   0.05889        45       640    0.8718    0.8796    0.9549    0.7202   0.02859  0.002411   0.00639
   125/299     13.7G   0.02474  0.006758   0.01317   0.04467        42       640    0.8871    0.8954    0.9485    0.7352    0.0279  0.002268  0.006306
   126/299     13.7G   0.03021  0.007051   0.01257   0.04983        59       640    0.8915    0.8284    0.9086    0.7204   0.02678  0.002283  0.005515
   127/299     13.7G   0.02868  0.006511   0.01283   0.04802        40       640    0.8656    0.8846    0.9076    0.6698   0.02835  0.002286  0.005703
   128/299     13.7G     0.037  0.007114   0.01594   0.06005        48       640    0.9069    0.8305    0.9371    0.7166   0.02962  0.002488  0.006251
   129/299     13.7G   0.03511  0.006362   0.01416   0.05563        37       640    0.8985    0.8692     0.945    0.7653   0.02715  0.002517  0.006101
   130/299     13.7G    0.0367  0.007201   0.01573   0.05963        36       640    0.9634    0.8598    0.9437    0.7572   0.02797  0.002253  0.006214
   131/299     13.7G   0.03233    0.0065   0.01319   0.05202        41       640    0.9563    0.8377    0.9608    0.7463   0.02891  0.002213   0.00627
   132/299     13.7G   0.02943  0.006603    0.0131   0.04913        42       640    0.9335    0.8631    0.9643    0.7568   0.02945  0.002428  0.006097
   133/299     13.7G   0.02833   0.00608   0.01313   0.04754        30       640    0.9026    0.8612    0.9484    0.7552    0.0301  0.002527  0.006331
   134/299     13.7G   0.02589  0.006695   0.01295   0.04553        37       640    0.9445    0.8564    0.9493    0.7884   0.02882  0.002212  0.005943
   135/299     13.7G   0.03644  0.006352   0.01441    0.0572        52       640    0.9942    0.8354    0.9553    0.7942   0.02767  0.002093  0.005824
   136/299     13.7G   0.03236  0.006675   0.01374   0.05278        36       640    0.9749    0.8336     0.968    0.7795    0.0268  0.002353  0.005483
   137/299     13.7G   0.03008  0.006192   0.01341   0.04968        40       640    0.9343     0.786    0.9267    0.7065   0.02884  0.002539  0.005509
   138/299     13.7G   0.03714  0.006361   0.01365   0.05715        32       640    0.8877    0.8325    0.9348    0.7058   0.03006  0.002511  0.005653
   139/299     13.7G   0.02685  0.006953   0.01345   0.04726        44       640    0.9678    0.8715     0.956    0.7613   0.02864  0.002429  0.005445
   140/299     13.7G   0.03029  0.006651   0.01252   0.04947        50       640    0.8721    0.9838    0.9749     0.698   0.03059  0.002559   0.00607
   141/299     13.7G   0.02803  0.006355   0.01189   0.04627        36       640    0.9155    0.9845    0.9837    0.7309   0.02947  0.002422  0.006346
   142/299     13.7G     0.023  0.006457   0.01095   0.04041        27       640    0.9513    0.8982    0.9676    0.7383   0.02897  0.002418  0.005877
   143/299     13.7G   0.02888  0.006545    0.0116   0.04703        44       640    0.9351    0.8274    0.9585    0.7077   0.02964  0.002504  0.006319
   144/299     13.7G   0.03212  0.006761   0.01276   0.05163        41       640    0.9594    0.8813      0.95    0.7247   0.02881   0.00251  0.007454
   145/299     13.7G   0.03309  0.006643   0.01491   0.05465        35       640    0.8178    0.6983     0.771    0.4718    0.0347  0.002944   0.01199
   146/299     13.7G   0.03385    0.0069   0.01442   0.05517        37       640    0.8227    0.7163    0.7972    0.5053   0.03499  0.002878   0.01118
   147/299     13.7G   0.02963  0.006974   0.01295   0.04956        37       640    0.8624    0.8927     0.952    0.7374    0.0254  0.002594  0.006314
   148/299     13.7G   0.03308  0.006985   0.01506   0.05512        33       640    0.8685    0.8914    0.9456    0.7757    0.0249  0.002389    0.0065
   149/299     13.7G   0.02901  0.006846   0.01429   0.05015        38       640    0.9735     0.822    0.9346     0.752   0.02505  0.002396  0.006277
   150/299     13.7G   0.03154  0.006605   0.01451   0.05266        53       640    0.9645    0.8159    0.9502    0.8012   0.02444  0.002209  0.006478
   151/299     13.7G    0.0323  0.007013   0.01297   0.05228        55       640    0.9408    0.9109    0.9672    0.8054   0.02405  0.002102  0.006363
   152/299     13.7G   0.02952   0.00663   0.01387   0.05002        37       640    0.9378    0.8954     0.959    0.7776   0.02352  0.002127  0.006716
   153/299     13.7G   0.02854  0.006375   0.01315   0.04807        38       640    0.9663    0.9101    0.9614    0.7856   0.02415  0.002158  0.005652
   154/299     13.7G   0.03343  0.006371   0.01349   0.05329        44       640    0.9431     0.916    0.9725    0.7896   0.02478   0.00215  0.005076
   155/299     13.7G   0.02749  0.006154    0.0113   0.04494        43       640    0.8995    0.9347     0.971    0.7963   0.02485  0.002065  0.005328
   156/299     13.7G   0.02762  0.006294   0.01118    0.0451        41       640    0.9171    0.9217    0.9675    0.7966   0.02457  0.002195  0.005402
   157/299     13.7G   0.03189  0.006513   0.01303   0.05144        49       640    0.9464    0.9006    0.9653    0.8086   0.02447  0.002106  0.005515
   158/299     13.7G   0.03538  0.006123   0.01312   0.05461        46       640    0.9424    0.9248    0.9774    0.8196   0.02431  0.002008  0.005528
   159/299     13.7G   0.02804  0.006486   0.01257   0.04709        33       640    0.8507    0.9044    0.9604    0.7831   0.02434  0.002072  0.005469
   160/299     13.7G   0.03019  0.006093   0.01182    0.0481        42       640    0.9539    0.9148    0.9797    0.8086   0.02276  0.002034  0.005269
   161/299     13.7G   0.03135  0.006443   0.01325   0.05104        40       640    0.8952    0.9424    0.9693    0.7836   0.02405  0.002121  0.005753
   162/299     13.7G   0.03468  0.006431   0.01269    0.0538        35       640    0.9464    0.9501    0.9744    0.7889   0.02432  0.002235  0.005855
   163/299     13.7G   0.02921  0.006442   0.01178   0.04743        43       640    0.9611    0.8948    0.9662    0.7909   0.02313  0.002387  0.005785
   164/299     13.7G   0.02802  0.006446   0.01223   0.04669        47       640    0.9659     0.935    0.9692    0.8014   0.02332  0.002232  0.005125
   165/299     13.7G   0.02857  0.006199   0.01105   0.04581        46       640    0.9492    0.9404    0.9785    0.8155   0.02208  0.002098  0.004797
   166/299     13.7G   0.03041  0.006257   0.01087   0.04754        40       640    0.9463    0.9625     0.973    0.8111   0.02437  0.002122  0.004983
   167/299     13.7G    0.0296  0.006175   0.01185   0.04763        33       640    0.9457     0.941    0.9725    0.7956   0.02459  0.002167  0.004999
   168/299     13.7G    0.0269  0.006052   0.01092   0.04387        39       640    0.9445    0.9265    0.9765    0.7921   0.02518  0.002241  0.004884
   169/299     13.7G   0.02714  0.006486   0.01189   0.04551        43       640    0.9187    0.9434    0.9662    0.7869   0.02454  0.002145  0.005018
   170/299     13.7G   0.03528  0.006768   0.01353   0.05558        48       640    0.9878    0.9066     0.966     0.799   0.02426  0.002195  0.005127
   171/299     13.7G   0.02431  0.006365   0.01014   0.04082        38       640    0.9715    0.9307    0.9766    0.7992   0.02413  0.002163  0.004505
   172/299     13.7G   0.02495  0.006132   0.01186   0.04295        37       640    0.9478    0.9339    0.9762    0.8029   0.02424  0.002172  0.004379
   173/299     13.7G   0.03018  0.006692   0.01155   0.04842        56       640    0.9372    0.9357    0.9692    0.8115   0.02401  0.002073  0.004481
   174/299     13.7G   0.02858   0.00633    0.0125    0.0474        38       640    0.9643    0.9007    0.9722    0.8118   0.02402  0.002094  0.004389
   175/299     13.7G   0.02958   0.00622     0.012    0.0478        33       640    0.9433    0.8656    0.9711    0.8134   0.02409  0.002095   0.00454
   176/299     13.7G   0.02783  0.006216   0.01164   0.04569        48       640    0.9191    0.9507    0.9667    0.7948   0.02415  0.002078  0.004489
   177/299     13.7G   0.03068  0.006115   0.01189   0.04868        64       640    0.9157    0.9556    0.9741    0.8034   0.02381  0.002156  0.004682
   178/299     13.7G   0.02892   0.00622   0.01164   0.04678        30       640    0.9117    0.9499    0.9671    0.8077   0.02322  0.002002  0.004569
   179/299     13.7G   0.02643   0.00662   0.01164    0.0447        46       640    0.9611    0.9429    0.9702    0.7951   0.02365  0.002013  0.004658
   180/299     13.7G   0.03016  0.006412   0.01329   0.04987        40       640     0.965    0.9502    0.9854     0.794   0.02466  0.002144   0.00466
   181/299     13.7G   0.02808  0.006605   0.01194   0.04663        44       640    0.9296    0.8692    0.9639    0.7471   0.02552  0.002243  0.005131
   182/299     13.7G   0.02784  0.006477   0.01129   0.04561        72       640    0.9735    0.8901    0.9725    0.7942   0.02425   0.00211  0.004832
   183/299     13.7G   0.03197   0.00676   0.01283   0.05156        40       640    0.9063    0.9511    0.9537    0.8053   0.02222  0.002044  0.004642
   184/299     13.7G   0.02212  0.006537  0.009816   0.03847        38       640    0.9226    0.9261    0.9512    0.7871   0.02244  0.002106  0.005058
   185/299     13.7G   0.02826  0.006441   0.01251   0.04722        43       640     0.965    0.8942    0.9597    0.8055   0.02261  0.002008  0.004915
   186/299     13.7G   0.02466  0.006651  0.009872   0.04118        60       640    0.9598    0.8839    0.9576    0.7993   0.02262  0.002032  0.004803
   187/299     13.7G   0.02129  0.006655  0.008993   0.03694        39       640    0.9949    0.8833     0.963    0.8075   0.02293  0.002081  0.004638
   188/299     13.7G   0.02812  0.006309  0.009624   0.04405        47       640    0.9801    0.9097    0.9744    0.8027   0.02242  0.002032  0.004461
   189/299     13.7G   0.02863  0.006268   0.01085   0.04575        40       640    0.8826    0.9728    0.9739    0.8106   0.02251   0.00202  0.004513
   190/299     13.7G   0.02546    0.0062  0.009558   0.04122        28       640    0.9531    0.9217    0.9761    0.8039    0.0224  0.001976  0.004416
   191/299     13.7G    0.0261  0.006474  0.009168   0.04174        55       640    0.9357    0.9667    0.9678    0.7812   0.02213  0.002013  0.004516
   192/299     13.7G   0.02315  0.006389  0.009508   0.03905        28       640    0.9523    0.8942    0.9689    0.7899   0.02181  0.002131  0.004692
   193/299     13.7G   0.02814  0.006478   0.01138     0.046        50       640    0.9348    0.8487    0.9603    0.7852   0.02232   0.00219   0.00478
   194/299     13.7G    0.0361  0.006673   0.01307   0.05585        47       640    0.9384    0.8624    0.9571    0.7682   0.02267   0.00224  0.004848
   195/299     13.7G   0.02568  0.006173  0.009805   0.04166        43       640    0.9806      0.88    0.9722    0.7753   0.02169  0.002102  0.004687
   196/299     13.7G   0.02503  0.006846   0.00991   0.04178        46       640    0.9502    0.8681    0.9596    0.8013   0.02029  0.001971  0.004551
   197/299     13.7G   0.02731  0.006506   0.01118   0.04499        40       640    0.9065    0.9194    0.9574    0.8033   0.02073  0.001962  0.004366
   198/299     13.7G   0.03162  0.006177   0.01089   0.04869        33       640    0.8903    0.9011    0.9545    0.8043   0.02053  0.002002  0.004334
   199/299     13.7G   0.03102  0.006471   0.01115   0.04863        31       640    0.9412    0.9236    0.9676     0.802   0.02037  0.002053  0.004015
   200/299     13.7G   0.02263  0.006116  0.008294   0.03704        44       640    0.9127    0.9262      0.97    0.8091   0.02002  0.002039  0.003754
   201/299     13.7G   0.01909  0.006105  0.008038   0.03323        39       640    0.9331    0.9074    0.9655    0.8131   0.01984  0.002103  0.003718
   202/299     13.7G   0.02857  0.006065   0.01045   0.04509        36       640    0.9259    0.8779    0.9531    0.7985   0.01956  0.002143  0.003964
   203/299     13.7G   0.02017  0.006197  0.008541    0.0349        38       640    0.9035    0.9168    0.9568    0.7894   0.01967  0.002099   0.00408
   204/299     13.7G   0.02527  0.006197  0.008753   0.04022        30       640    0.9179     0.957    0.9665     0.805   0.02004  0.002126  0.003912
   205/299     13.7G   0.02193  0.006559  0.009061   0.03755        51       640    0.9129    0.9624    0.9636    0.7779      0.02  0.002161  0.004188
   206/299     13.7G   0.02676  0.006323  0.009649   0.04273        35       640    0.9452    0.9316    0.9782    0.8139   0.01975  0.002118  0.004129
   207/299     13.7G   0.02625  0.006367  0.009341   0.04196        45       640    0.9362    0.9291    0.9788    0.8189   0.01966  0.002091  0.004077
   208/299     13.7G   0.02242  0.006025  0.008236   0.03668        47       640    0.9318    0.9655    0.9689    0.8097   0.02019    0.0021  0.003972
   209/299     13.7G   0.02498  0.006634  0.009762   0.04138        36       640    0.9303    0.9466    0.9721      0.81   0.02036  0.002124  0.003809
   210/299     13.7G   0.02726  0.006109  0.009347   0.04271        36       640    0.9116    0.9291    0.9582    0.8048   0.02084  0.002157  0.004249
   211/299     13.7G   0.02274  0.006188  0.009037   0.03797        49       640    0.9214    0.9297     0.975    0.8146   0.02038  0.002086  0.004151
   212/299     13.7G   0.02157  0.006182  0.008532   0.03628        51       640    0.9302    0.9504    0.9845    0.8301   0.01956  0.001932  0.003659
   213/299     13.7G   0.02209  0.006698  0.009106   0.03789        48       640    0.9548    0.9262    0.9851    0.8271   0.01874  0.001924   0.00395
   214/299     13.7G   0.02251  0.006051   0.00824    0.0368        24       640    0.8984    0.9709    0.9828    0.8412   0.01901  0.001952   0.00424
   215/299     13.7G   0.02228  0.006237  0.008978    0.0375        46       640    0.9425    0.9038    0.9785    0.8296   0.01908  0.002009  0.004165
   216/299     13.7G   0.02403   0.00663  0.009534   0.04019        44       640    0.9429    0.9569    0.9738     0.814   0.01864  0.002036   0.00424
   217/299     13.7G   0.02269  0.006197  0.008714    0.0376        29       640    0.9425    0.9474     0.977    0.8275   0.01853  0.002024  0.004238
   218/299     13.7G   0.02298  0.006277  0.009012   0.03827        26       640    0.9215    0.9551    0.9828     0.824   0.01948  0.002122   0.00414
   219/299     13.7G   0.03064  0.005885   0.01113   0.04765        48       640    0.9518    0.9262    0.9818     0.834   0.01925  0.002063  0.003966
   220/299     13.7G   0.02234  0.006573  0.008429   0.03734        43       640    0.9251    0.9473    0.9829    0.8396   0.01942  0.001945  0.003747
   221/299     13.7G   0.01833  0.005858  0.006902   0.03109        44       640    0.9616    0.8824    0.9727    0.8383    0.0194  0.001979  0.003637
   222/299     13.7G   0.02778  0.006391   0.00964   0.04381        42       640     0.946    0.9228    0.9758    0.8405   0.01923  0.001917    0.0037
   223/299     13.7G   0.02426  0.006472  0.009367    0.0401        45       640    0.9431    0.9288    0.9707    0.8307   0.01967  0.001903  0.003804
   224/299     13.7G   0.02587  0.005904  0.008842   0.04062        38       640    0.9363    0.9125    0.9693    0.8287   0.01986  0.001961  0.004016
   225/299     13.7G   0.02398  0.006077  0.007965   0.03802        34       640    0.9508    0.8994    0.9549    0.8098   0.01981  0.002013  0.004315
   226/299     13.7G   0.02247  0.006083  0.008233   0.03679        39       640    0.9449    0.9119    0.9534     0.824   0.01936  0.001931  0.004208
   227/299     13.7G   0.02529  0.006277  0.009605   0.04117        44       640     0.879    0.9721    0.9587    0.8218    0.0191    0.0019  0.004067
   228/299     13.7G   0.02093  0.006177  0.008581   0.03569        34       640    0.9649    0.9212    0.9742    0.8279   0.01859  0.001935  0.004033
   229/299     13.7G   0.02419  0.006368  0.007993   0.03855        36       640    0.9862    0.8933    0.9729    0.8322   0.01908  0.001992  0.004421
   230/299     13.7G   0.02665  0.006251  0.009787   0.04269        40       640     0.944    0.9103    0.9696    0.8259   0.01848  0.001977  0.004268
   231/299     13.7G   0.02196  0.006007  0.008417   0.03638        44       640    0.9514    0.9095    0.9749    0.8289   0.01809  0.002005  0.004076
   232/299     13.7G   0.02621  0.006529   0.01021   0.04294        38       640    0.9699    0.9562    0.9895    0.8497   0.01809  0.002054  0.003764
   233/299     13.7G   0.02674  0.006136  0.009671   0.04255        41       640    0.9811    0.9517    0.9892    0.8306   0.01844  0.002095  0.003622
   234/299     13.7G   0.02092  0.006099  0.007768   0.03479        35       640    0.9935    0.9547    0.9937    0.8418   0.01919  0.002082  0.003533
   235/299     13.7G    0.0251  0.006324  0.009488   0.04092        50       640    0.9549    0.9674    0.9881    0.8351   0.01956  0.001982  0.003642
   236/299     13.7G   0.01965  0.005984  0.008421   0.03406        47       640     0.913    0.9567    0.9774     0.825   0.01979  0.001961  0.003952
   240/299     13.7G   0.01844  0.006318  0.007924   0.03268        60       640    0.9495    0.9576    0.9869    0.8634    0.0188  0.001827  0.003764
   241/299     13.7G   0.02121  0.006175  0.008092   0.03547        34       640     0.915    0.9665    0.9796    0.8533   0.01868   0.00183   0.00388
   242/299     13.7G   0.02776  0.006062  0.009985   0.04381        34       640    0.9452    0.9336    0.9752    0.8456   0.01882  0.001842  0.004156
   243/299     13.7G   0.02453  0.006091  0.008029   0.03865        41       640     0.946    0.9333    0.9756    0.8446   0.01884  0.001847  0.004204
   244/299     13.7G   0.01927  0.005918  0.007973   0.03316        57       640    0.9364     0.943    0.9786    0.8395   0.01857   0.00186  0.004218
   245/299     13.7G   0.02419  0.005828  0.008647   0.03866        45       640     0.944    0.9603    0.9774    0.8293    0.0185  0.001859  0.004198
   246/299     13.7G   0.02066  0.005557   0.00802   0.03424        45       640    0.9592    0.9131    0.9743    0.8365   0.01891  0.001868  0.004222
   247/299     13.7G   0.01842  0.005607  0.007932   0.03196        35       640    0.9155    0.9238    0.9677    0.8296   0.01917  0.001856  0.004481
   248/299     13.7G   0.02638  0.005716  0.008494   0.04059        39       640    0.9151    0.9309    0.9651    0.8341   0.01922  0.001811  0.004485
   249/299     13.7G   0.02309  0.006223  0.008638   0.03795        35       640    0.9031    0.9206    0.9618    0.8419   0.01954  0.001818  0.004547
   250/299     13.7G   0.02499  0.006204  0.009786   0.04098        32       640    0.9173    0.9216    0.9591    0.8284   0.01956  0.001864  0.004603
   251/299     13.7G   0.02053  0.006057  0.007919   0.03451        42       640    0.9284    0.9296     0.963    0.8369   0.01914  0.001864  0.004397
   252/299     13.7G    0.0248  0.006093  0.008708    0.0396        39       640    0.9434    0.9334    0.9638    0.8277   0.01887  0.001846  0.004154
   253/299     13.7G    0.0183  0.006026   0.00785   0.03218        42       640    0.9552     0.917    0.9614    0.8397   0.01848  0.001833  0.004138
   254/299     13.7G   0.02455  0.006065  0.008711   0.03932        42       640    0.9591    0.9113    0.9594    0.8325   0.01867  0.001855   0.00429
   255/299     13.7G   0.02101  0.006067  0.008131   0.03521        50       640    0.9536    0.9269     0.962    0.8369   0.01872  0.001868  0.004447
   256/299     13.7G   0.02537  0.005782  0.009681   0.04083        46       640    0.9484    0.9335    0.9834    0.8514   0.01868  0.001901  0.004178
   257/299     13.7G   0.02517  0.005945  0.008115   0.03923        41       640    0.9898    0.9585    0.9906    0.8549   0.01855  0.001861  0.003807
   258/299     13.7G   0.02182  0.005841  0.007579   0.03524        45       640    0.9852    0.9609    0.9906    0.8644    0.0185   0.00186  0.003814
   259/299     13.7G   0.01846  0.005866  0.008562   0.03289        36       640     0.941     0.972    0.9823    0.8575   0.01877  0.001865  0.004048
   260/299     13.7G   0.02399   0.00659  0.008209   0.03879        43       640    0.9659    0.9341    0.9759    0.8501   0.01874  0.001863  0.004173
   261/299     13.7G    0.0214  0.006269  0.007169   0.03484        44       640     0.936    0.9707    0.9815    0.8557   0.01852  0.001846  0.004152
   262/299     13.7G   0.02169  0.005852  0.009374   0.03692        36       640    0.9591    0.9355    0.9751    0.8443   0.01876  0.001811  0.004362
   263/299     13.7G    0.0212  0.005929  0.007785   0.03491        43       640    0.9492    0.9536    0.9729    0.8552   0.01883  0.001781   0.00444
   264/299     13.7G   0.01991  0.005657  0.007229   0.03279        32       640    0.9527    0.9214    0.9771    0.8439   0.01883  0.001793  0.004276
   265/299     13.7G   0.01973  0.006275  0.007748   0.03376        34       640    0.9261    0.9712    0.9875    0.8523   0.01886   0.00182  0.004214
   266/299     13.7G   0.02055  0.005836  0.007866   0.03426        32       640     0.959    0.9363    0.9861    0.8551   0.01883  0.001793   0.00415
   267/299     13.7G   0.02241  0.005547  0.007399   0.03535        40       640    0.9686     0.926     0.981    0.8529    0.0186  0.001796  0.004169
   268/299     13.7G   0.02067  0.006095  0.007391   0.03416        42       640    0.9662    0.9185    0.9754    0.8621   0.01843  0.001825  0.004186
   269/299     13.7G    0.0221  0.005882  0.008233   0.03621        48       640    0.9399    0.9024    0.9742    0.8461   0.01863  0.001851  0.004233
   270/299     13.7G    0.0261  0.005837  0.008871   0.04081        51       640    0.9602    0.8912    0.9712    0.8459   0.01875  0.001802  0.004339
   271/299     13.7G    0.0175  0.005911  0.006829   0.03024        35       640    0.9361    0.9385    0.9756     0.852   0.01845  0.001755  0.004275
   272/299     13.7G   0.02027  0.005768  0.008817   0.03485        38       640    0.9333    0.9842    0.9842     0.863    0.0183  0.001763  0.004146
   273/299     13.7G   0.02321  0.005839  0.008385   0.03743        38       640    0.8932     0.978    0.9808    0.8586   0.01821  0.001741  0.004348
   274/299     13.7G   0.02293  0.006024  0.008042     0.037        46       640    0.9405    0.9285    0.9684    0.8531    0.0183  0.001735  0.004473
   275/299     13.7G   0.02166  0.005509  0.007724   0.03489        35       640    0.9396    0.9191    0.9648    0.8421   0.01853  0.001747  0.004592
   276/299     13.7G   0.02697  0.005705   0.01024   0.04291        47       640    0.9093    0.9411    0.9633    0.8543    0.0184  0.001759  0.004739
   277/299     13.7G   0.02282  0.006101  0.008254   0.03718        42       640    0.9473    0.9074    0.9662    0.8575   0.01851  0.001775  0.004798
   278/299     13.7G   0.01926  0.006361  0.008841   0.03446        55       640    0.9547    0.9232    0.9685    0.8546    0.0186  0.001779  0.004626
   279/299     13.7G   0.02593  0.006158  0.009912     0.042        37       640    0.9543    0.9237    0.9741    0.8517   0.01895  0.001786  0.004478
   280/299     13.7G   0.01849  0.006294  0.006999   0.03178        47       640    0.9582      0.92    0.9714    0.8425   0.01875  0.001789  0.004532
   281/299     13.7G   0.01815  0.005439  0.007158   0.03075        42       640    0.8876    0.9555    0.9716    0.8352   0.01896  0.001814  0.004735
   282/299     13.7G   0.02092  0.006137  0.008235   0.03529        43       640    0.9178    0.9478    0.9707    0.8441   0.01915  0.001804   0.00477
   283/299     13.7G   0.02036  0.005947  0.007899    0.0342        37       640    0.9576    0.9219    0.9734    0.8494   0.01925  0.001787  0.004584
   284/299     13.7G   0.02843  0.005545  0.009373   0.04335        55       640    0.9583    0.9295    0.9767    0.8436   0.01935  0.001761  0.004367
   285/299     13.7G   0.01982  0.005704  0.008169   0.03369        33       640    0.9553    0.9297    0.9765    0.8504   0.01911  0.001729  0.004153
   286/299     13.7G   0.01836  0.005587  0.006408   0.03035        24       640    0.9355    0.9499    0.9767     0.856   0.01855  0.001723  0.004047
   287/299     13.7G   0.02096  0.006025  0.007632   0.03462        46       640    0.9464    0.9485    0.9773    0.8453   0.01851  0.001719  0.003941
   288/299     13.7G   0.02402  0.005776  0.009006    0.0388        36       640    0.9438    0.9497    0.9776    0.8466   0.01853  0.001687  0.004029
   289/299     13.7G   0.02227  0.005858  0.007878   0.03601        52       640    0.9412     0.955    0.9728    0.8501   0.01866  0.001688  0.004073
   290/299     13.7G   0.02409  0.006017  0.008983   0.03909        38       640    0.9501    0.9592    0.9829    0.8637   0.01899  0.001727  0.004003
   291/299     13.7G   0.02086  0.005697  0.007853   0.03441        46       640    0.9515    0.9449     0.985    0.8656   0.01897   0.00175  0.003903
   292/299     13.7G   0.01704  0.005762  0.006551   0.02935        46       640    0.9383    0.9431    0.9778    0.8488   0.01894   0.00175  0.003714
   293/299     13.7G   0.02642  0.006141  0.009044   0.04161        34       640    0.9535      0.92    0.9744    0.8365    0.0189  0.001757   0.00386
   294/299     13.7G   0.01885  0.005728  0.006988   0.03157        35       640    0.9586    0.9169    0.9745    0.8368   0.01876  0.001773  0.003816
   295/299     13.7G   0.02483  0.005736  0.008352   0.03891        45       640    0.9652    0.9046    0.9723    0.8383    0.0189  0.001803  0.003788
   296/299     13.7G   0.02061  0.006049  0.006877   0.03353        47       640    0.9494    0.9226    0.9706    0.8464   0.01865  0.001806  0.003764
   297/299     13.7G   0.02341  0.005641  0.008254    0.0373        46       640    0.9576    0.9255    0.9704    0.8327   0.01859  0.001822  0.003703
   298/299     13.7G   0.02012  0.005624  0.006648   0.03239        33       640    0.9604    0.9213    0.9742    0.8456   0.01846  0.001815  0.003658
   299/299     13.7G    0.0244  0.005956  0.007407   0.03777        40       640    0.9655    0.9256     0.975    0.8542   0.01824   0.00179  0.003686
