     0/299     1.85G   0.07263   0.01738   0.02821    0.1182        29       640  0.001676    0.1166 0.0008836  0.000173    0.0503   0.01232   0.01657
     1/299     12.9G   0.06058    0.0149    0.0277    0.1032        20       640  0.002132    0.1758  0.001413 0.0002222   0.03864   0.01023   0.01575
     2/299     11.6G    0.0558   0.01346   0.02637   0.09563        17       640  0.009471    0.1282   0.00866  0.001431   0.03264  0.008799   0.01381
     3/299     11.6G   0.05281   0.01242   0.02551   0.09073        13       640    0.0484   0.09658   0.04262   0.01008   0.03096  0.007616   0.01328
     4/299     11.6G   0.04958   0.01285   0.02486   0.08729        34       640    0.1016    0.1744    0.1094   0.04909   0.02736  0.006793   0.01242
     5/299     11.6G   0.04156   0.01128   0.02301   0.07586        26       640   0.08687    0.2735     0.115   0.05777   0.02806  0.006498    0.0124
     6/299     11.6G    0.0394   0.01065   0.02152   0.07158        25       640    0.4564    0.2729    0.2314     0.111   0.02544  0.005996   0.01194
     7/299     11.6G   0.04519   0.01016   0.02306    0.0784        40       640     0.229    0.4515    0.2727     0.142   0.02573  0.004683   0.01199
     8/299     11.6G   0.04469   0.01047   0.02394    0.0791        39       640    0.1692    0.4453    0.1724     0.103   0.02787  0.005288   0.01268
     9/299     11.6G    0.0386  0.009537   0.02152   0.06966        21       640    0.4344    0.4001    0.2355    0.1174   0.03087  0.004217   0.01288
    10/299     11.6G   0.03834  0.009745   0.02137   0.06946        24       640     0.165    0.6033    0.2566    0.1086   0.03487  0.004499   0.01219
    11/299     11.6G   0.04429  0.008989   0.02281   0.07608        19       640    0.4385    0.3593    0.2508    0.1481   0.03024  0.004392    0.0128
    12/299     11.6G   0.04131  0.009443   0.02145   0.07221        23       640    0.0894    0.4027    0.1075   0.05154   0.03146  0.004687   0.01304
    13/299     11.6G   0.03978  0.009487   0.02065   0.06991        36       640   0.09129    0.4847    0.0999   0.04594   0.03024  0.004712    0.0128
    14/299     11.6G   0.03238  0.009466   0.01984   0.06168        25       640    0.4994    0.2341    0.2213    0.1208   0.03211  0.005209   0.01258
    15/299     11.6G   0.03537  0.009138   0.01901   0.06352        18       640    0.5428     0.428    0.3634    0.2356   0.02664  0.003975   0.01232
    16/299     11.6G   0.03655  0.009181   0.01895   0.06469        31       640    0.5017    0.5005     0.384    0.2117   0.02586  0.003765   0.01196
    17/299     11.6G   0.04215  0.009361   0.02173   0.07324        26       640    0.4691    0.2856     0.241     0.103   0.02533  0.004269   0.01177
    18/299     11.6G   0.04272  0.009908   0.02098   0.07361        23       640    0.2183    0.5161    0.2885    0.1836   0.02865  0.004504    0.0124
    19/299     11.6G   0.03809  0.009728   0.02008    0.0679        19       640    0.3609    0.4705    0.3478    0.1959   0.03026   0.00365   0.01229
    20/299     11.6G   0.03593  0.009547   0.02069   0.06617        25       640    0.2778     0.407    0.2975    0.1178   0.03291  0.004431   0.01239
    21/299     11.6G   0.04406   0.00875   0.02095   0.07376        30       640    0.4468    0.5201    0.3328    0.1521   0.03115  0.004036   0.01194
    22/299     11.6G   0.03915  0.009106   0.01949   0.06774        25       640   0.03519    0.3897   0.03578   0.01438   0.04109     0.063   0.01296
    23/299     11.6G   0.04143   0.00884   0.01953   0.06981        28       640    0.3464     0.363    0.1855   0.09121   0.02899   0.01207   0.01287
    24/299     11.6G   0.03939  0.009401   0.02002   0.06881        24       640 0.0003792   0.06515 6.857e-05 2.065e-05   0.04679   0.04233   0.01421
    25/299     11.6G    0.0532  0.009364   0.02332   0.08588        21       640 0.0005865    0.1116 0.0003299 7.789e-05   0.04547    0.1415   0.01528
    26/299     11.6G    0.0422  0.009154   0.02098   0.07234        16       640  0.002728    0.4115  0.002165  0.000384     0.047    0.0306   0.01381
    27/299     11.6G   0.05378  0.008921   0.02222   0.08492        26       640   0.03568   0.02143  0.006867  0.002534   0.04766   0.05678   0.01364
    28/299     11.6G   0.05956  0.009427   0.02506   0.09405        19       640  0.002331   0.01917 0.0002671 4.612e-05   0.06795   0.01438    0.0898
    29/299     11.6G   0.04447  0.009715   0.01959   0.07377        25       640   0.02414   0.03094  0.005006  0.002142   0.06054   0.00532   0.04386
    30/299     11.6G   0.04384  0.009506   0.01837   0.07172        23       640   0.01233   0.02631  0.001329 0.0003897   0.06268     5.877    0.6256
    31/299     11.6G   0.05056  0.009768   0.01995   0.08028        26       640  0.009072    0.3975  0.005998  0.001243   0.04838    0.5035    0.1133
    32/299     11.6G   0.05897   0.01001   0.02241    0.0914        34       640         0         0         0         0   0.06252     27.89     1.188
    33/299     11.6G   0.05784   0.01003   0.02355   0.09142        38       640  0.003232     0.348  0.003792 0.0005759   0.06064     3.145    0.6583
    34/299     11.6G   0.05616  0.009553   0.02234   0.08805        16       640   0.02104   0.02937  0.002786 0.0006679       nan       nan       nan
    35/299     11.6G    0.0517  0.009812   0.02379   0.08531        29       640  0.004487   0.08381 0.0006556 0.0001223   0.05803     0.421    0.1446
    36/299     11.6G   0.04833  0.009412   0.01883   0.07657        24       640   0.01927    0.1089   0.01009  0.001976   0.05077  0.009799   0.03885
    37/299     11.6G   0.03948  0.009173   0.01783   0.06647        20       640   0.03859    0.3969   0.03582   0.01002    0.0453  0.004791   0.01172
    38/299     11.6G   0.04641   0.00973   0.01919   0.07533        25       640    0.3355    0.2062    0.0976    0.0522   0.04142  0.004695   0.01095
    39/299     11.6G   0.05085  0.009751   0.02081   0.08141        28       640    0.3473     0.215     0.121   0.04243    0.0388   0.00461   0.01088
    40/299     11.6G   0.04946  0.009379   0.02064   0.07948        15       640    0.4076    0.2993    0.1986    0.1195   0.02919  0.004655   0.01074
    41/299     11.6G   0.04126    0.0101   0.01916   0.07052        25       640    0.1208    0.2609    0.1154   0.07392   0.02838  0.004908   0.01053
    42/299     11.6G   0.03663  0.009773    0.0171    0.0635        26       640    0.1527    0.4168    0.1807   0.07782   0.03125  0.005701   0.01038
    43/299     11.6G   0.03894  0.009792   0.01844   0.06717        18       640    0.2625    0.4327    0.2791    0.1261   0.03023  0.004911   0.01047
    44/299     11.6G   0.03204  0.009926   0.01633    0.0583        39       640    0.2815    0.4738    0.3205    0.1657   0.03033  0.004697   0.01071
    45/299     11.6G    0.0455  0.009408   0.01885   0.07375        31       640   0.06184    0.2835   0.08057   0.02532   0.03088  0.005063   0.01167
    46/299     11.6G   0.03792  0.009984   0.01791   0.06582        19       640   0.04956    0.1302   0.05406    0.0164   0.03205  0.005387   0.01147
    47/299     11.6G   0.04316  0.009389   0.01988   0.07243        21       640     0.141    0.3989    0.1154   0.04099   0.03582  0.004762   0.01146
    48/299     11.6G   0.04617  0.009771   0.01993   0.07588        29       640    0.1962    0.3553    0.2086   0.08343   0.03269  0.004664   0.01071
    49/299     11.6G   0.03596  0.009666   0.01796   0.06358        24       640    0.3159    0.4653     0.317    0.1514   0.03292  0.004209   0.01029
    50/299     11.6G   0.03845    0.0103   0.01879   0.06754        30       640    0.2663    0.4081    0.2618    0.1265   0.03471  0.004244   0.01045
    51/299     11.6G   0.03911  0.009309   0.01851   0.06693        22       640    0.2358    0.4706    0.2388    0.1235   0.03268  0.004677   0.01027
    52/299     11.6G   0.04109  0.009412   0.01877   0.06927        27       640    0.3416    0.3068    0.1723   0.08508   0.03496  0.004889   0.01059
    53/299     11.6G   0.03239   0.00923   0.01722   0.05884        21       640    0.1387    0.3596    0.1623   0.07478   0.03789  0.005098  0.009958
    54/299     11.6G     0.032  0.009475   0.01694   0.05842        27       640    0.3867    0.3498     0.362    0.1855   0.03395  0.004453   0.01399
    55/299     11.6G   0.04579  0.009104   0.02223   0.07712        21       640    0.2491    0.5621    0.2902     0.157   0.03532  0.006016   0.02303
    56/299     11.6G   0.03287  0.009624   0.01635   0.05884        29       640    0.1667    0.3565    0.1406   0.06319   0.03461   0.02123    0.0189
    57/299     11.6G   0.03345  0.009141   0.01753   0.06012        28       640    0.1869    0.5761    0.2556    0.1416   0.03105  0.004831   0.01302
    58/299     11.6G   0.03402   0.00906   0.01908   0.06215        23       640    0.3252    0.6116    0.4291    0.2553   0.02705  0.003637   0.01043
    59/299     11.6G   0.03823  0.009157   0.01931    0.0667        12       640    0.2482    0.4613    0.3085    0.1694   0.03623  0.004488    0.0189
    60/299     11.6G   0.03456   0.00881   0.01793    0.0613        20       640    0.3782    0.4138    0.3309     0.206   0.03884  0.004506   0.03366
    61/299     11.6G   0.03492  0.008316   0.01752   0.06076        15       640    0.2267    0.4667      0.19    0.1214   0.03607  0.005732   0.02977
    62/299     11.6G   0.03362  0.008944   0.01766   0.06022        29       640    0.2067    0.3654    0.2251    0.1252   0.03125  0.006272   0.01493
    63/299     11.6G    0.0344   0.00918   0.01774   0.06132        34       640    0.3287    0.6784    0.4406    0.2526   0.02609  0.003504   0.01074
    64/299     11.6G   0.03245  0.008977   0.01752   0.05894        21       640    0.3292    0.7439    0.5036    0.2917   0.02702  0.003683  0.009963
    65/299     11.6G   0.03417  0.009533    0.0189    0.0626        22       640      0.35     0.712    0.5277    0.2883   0.02693   0.00356  0.009443
    66/299     11.6G   0.03115  0.008432   0.01745   0.05703        22       640    0.3513    0.6462    0.5236    0.2722   0.02876  0.003855   0.00936
    67/299     11.6G   0.03376  0.008803   0.01758   0.06014        12       640    0.2941    0.7015    0.5543    0.3459   0.02757  0.003749  0.009506
    68/299     11.6G   0.03167  0.008314   0.01699   0.05697        23       640    0.3738     0.651    0.5657    0.3598   0.02632  0.003358  0.009169
    69/299     11.6G   0.02649  0.009151   0.01641   0.05205        28       640    0.1737    0.3235    0.1323   0.06744   0.03473  0.004858   0.01348
    70/299     11.6G   0.03166  0.008334    0.0171   0.05709        26       640    0.2216    0.4094    0.2094    0.1332   0.03252  0.004425   0.01299
    71/299     11.6G   0.03307  0.008683   0.01681   0.05857        22       640    0.2478    0.4054    0.2157    0.1224   0.03628   0.09446   0.03893
    72/299     11.6G   0.03144  0.009278   0.01759    0.0583        20       640    0.6538    0.5142    0.4942    0.1854   0.03327   0.00344  0.009892
    73/299     11.6G   0.03796  0.008929    0.0183   0.06519        21       640    0.5151    0.6201    0.6048    0.2906   0.02931  0.003351  0.009613
    74/299     11.6G   0.03599  0.008913   0.01846   0.06336        21       640    0.6732    0.6922     0.668    0.4032   0.02397  0.003491  0.009439
    75/299     11.6G   0.02863   0.00848   0.01607   0.05319        15       640     0.712    0.6961    0.6525    0.4245   0.02297  0.003332  0.009633
    76/299     11.6G   0.03923   0.00872   0.01853   0.06648        14       640    0.7992    0.6095    0.6775    0.4493   0.02249  0.003248  0.009055
    77/299     11.6G   0.02907   0.00835   0.01635   0.05377        21       640    0.7524    0.6166    0.6942    0.4588   0.02477  0.003365  0.008876
    78/299     11.6G   0.04227  0.008324   0.01892   0.06951        14       640    0.8033     0.643    0.7155    0.4573   0.02372  0.003324  0.007097
    79/299     11.6G   0.02947  0.008548   0.01669   0.05471        20       640    0.4067    0.7104    0.5658    0.3312   0.02408  0.003639  0.009008
    80/299     11.6G   0.03566  0.008572   0.01672   0.06095        26       640     0.731    0.6467    0.6265    0.3943   0.02385  0.003448  0.007246
    81/299     11.6G   0.02572  0.008694   0.01537   0.04978        21       640    0.4954    0.7333    0.6897    0.4735    0.0241  0.003235  0.006896
    82/299     11.6G   0.03207  0.008088    0.0168   0.05696        26       640     0.811    0.5745    0.6795    0.4471   0.02584  0.003195  0.006408
    83/299     11.6G   0.03144  0.008408   0.01716   0.05701        21       640    0.7738    0.5685    0.6909     0.441   0.02525   0.00315    0.0064
    84/299     11.6G   0.02665  0.009031   0.01518   0.05086        18       640    0.8245    0.6746    0.7303    0.4976   0.02439  0.003061  0.005901
    85/299     11.6G   0.03239  0.007853   0.01637   0.05661        26       640    0.8999    0.6059    0.7822    0.5377   0.02424  0.002901  0.005608
    86/299     11.6G   0.02542  0.008764   0.01622    0.0504        23       640     0.566    0.8734    0.8499    0.6218   0.02373  0.002959  0.005674
    87/299     11.6G   0.03081  0.008374   0.01686   0.05604        19       640     0.655    0.8408    0.8395    0.6149   0.02261  0.003031  0.005132
    88/299     11.6G   0.02455   0.00793   0.01446   0.04694        22       640    0.8662    0.7001    0.7831    0.5303   0.02351   0.00304  0.005797
    89/299     11.6G   0.02864  0.008387   0.01545   0.05248        19       640    0.7072    0.7375    0.7962    0.5525   0.02345  0.003035  0.006817
    90/299     11.6G   0.02574  0.008462   0.01484   0.04904        22       640    0.7167    0.8006    0.8429    0.5696   0.02382  0.003162  0.006584
    91/299     11.6G   0.02914  0.007973   0.01487   0.05199        20       640    0.6773    0.8043    0.8198    0.5758   0.02355  0.003093  0.005799
    92/299     11.6G   0.02784  0.008074   0.01519    0.0511        13       640     0.908    0.6616    0.7958      0.54   0.02279   0.00293  0.005821
    93/299     11.6G   0.02948  0.008202   0.01606   0.05374        26       640    0.9209     0.668    0.7893    0.5541    0.0228  0.002878  0.005539
    94/299     11.6G     0.025  0.008484   0.01404   0.04752        26       640    0.8634    0.6702     0.828    0.5685   0.02252   0.00299  0.005418
    95/299     11.6G     0.021  0.008068   0.01381   0.04288        20       640    0.6803    0.8338    0.8423    0.6025   0.02195  0.002989  0.005271
    96/299     11.6G   0.02542   0.00833   0.01432   0.04807        28       640     0.799    0.7524    0.7948     0.568   0.02158  0.003188   0.00556
    97/299     11.6G   0.02459  0.007701   0.01385   0.04614        21       640    0.7051    0.7921    0.7935    0.5657   0.02065  0.002865  0.005709
    98/299     11.6G   0.02585  0.007978   0.01419   0.04803        22       640     0.803    0.6168     0.667    0.4385   0.02413   0.00338  0.009233
    99/299     11.6G   0.03135  0.008234   0.01477   0.05435        29       640    0.5211    0.6651    0.5967    0.3764   0.02184   0.00333  0.008819
   100/299     11.6G   0.02982  0.008492   0.01599    0.0543        16       640    0.6744    0.7336    0.7392    0.4783   0.02323   0.00383  0.007541
   101/299     11.6G    0.0253  0.007827   0.01279   0.04591        21       640    0.7326    0.8223    0.8572    0.5486   0.02455  0.003046  0.006423
   102/299     11.6G   0.03505  0.008149   0.01534   0.05854        29       640    0.7719    0.8746    0.9022    0.5982   0.02464  0.003119  0.005666
   103/299     11.6G   0.03144  0.007852   0.01491    0.0542        24       640    0.8023    0.8308    0.8824    0.6316   0.02391  0.002985  0.005538
   104/299     11.6G   0.02769  0.008079   0.01356   0.04934        38       640    0.7557    0.8901    0.9006    0.6575   0.02238  0.002937   0.00562
   105/299     11.6G   0.02551  0.007794   0.01437   0.04767        20       640    0.7083    0.8604    0.8593    0.5986   0.02209  0.002865  0.005606
   106/299     11.6G   0.02781  0.008189   0.01351   0.04951        20       640    0.7511    0.8382    0.8969    0.6476   0.02247  0.002934  0.005609
   107/299     11.6G   0.03011  0.007572   0.01492    0.0526        24       640    0.6451    0.8888    0.8805    0.6332   0.02238  0.002786  0.005114
   108/299     11.6G   0.02518  0.008129   0.01402   0.04733        23       640    0.7998    0.7829      0.86    0.6185   0.02308  0.002757  0.004912
   109/299     11.6G   0.02679   0.00828   0.01377   0.04884        23       640    0.8494    0.8311    0.9055    0.6859   0.02203   0.00271  0.004864
   110/299     11.6G   0.02164   0.00795   0.01221    0.0418        22       640    0.7361    0.7603    0.8478    0.6025   0.02358  0.003014  0.006696
   111/299     11.6G   0.02702  0.007756   0.01329   0.04806        31       640    0.8246    0.8083    0.8784    0.6156   0.02199  0.003026  0.004469
   112/299     11.6G    0.0245   0.00753   0.01243   0.04446        27       640    0.7559    0.8994    0.9213    0.6557   0.02144  0.002991  0.004744
   113/299     11.6G   0.02222  0.007628   0.01289   0.04274        18       640    0.8749    0.8889    0.9551    0.7289   0.01995  0.002612  0.004509
   114/299     11.6G   0.02913  0.007895    0.0141   0.05112        27       640    0.7011    0.7946    0.8687    0.6187   0.02436  0.003279   0.00705
   115/299     11.6G   0.02484  0.007556    0.0126   0.04499        30       640    0.9307    0.8205    0.9286    0.6908   0.02007  0.002805  0.004157
   116/299     11.6G   0.02803  0.008051   0.01259   0.04867        20       640    0.7987    0.9029    0.9144    0.6992   0.02017  0.002682   0.00416
   117/299     11.6G   0.02792  0.007417   0.01362   0.04895        19       640    0.8466     0.853    0.9119    0.7038    0.0201   0.00269  0.004293
   118/299     11.6G   0.02472  0.007691   0.01263   0.04504        24       640     0.852    0.8428    0.9284    0.7299   0.01986  0.002874  0.004501
   119/299     11.6G   0.02452   0.00722   0.01266    0.0444        18       640    0.7803    0.9125    0.9418    0.7342   0.01927  0.002776  0.004507
   120/299     11.6G   0.03042  0.007423     0.014   0.05184        13       640    0.8923    0.7835    0.9166    0.6795   0.02131  0.002954   0.00525
   121/299     11.6G   0.02699  0.007348   0.01284   0.04717        30       640    0.8541    0.9043    0.9341    0.6557   0.02245  0.003169   0.00424
   122/299     11.6G   0.02566  0.007564   0.01274   0.04596        26       640     0.856    0.7377    0.8797     0.604   0.02276  0.003349  0.004978
   123/299     11.6G    0.0317  0.007388   0.01247   0.05156        18       640    0.8596      0.85    0.9122    0.6516   0.02141  0.002865  0.004376
   124/299     11.6G   0.02811  0.007498   0.01218   0.04779        19       640    0.8438    0.8603    0.9261    0.6895   0.02029    0.0028  0.004209
   125/299     11.6G   0.02427  0.007646   0.01222   0.04414        21       640    0.7512    0.7473    0.8574     0.528   0.02469  0.003117  0.006576
   126/299     11.6G   0.02427  0.007899   0.01242   0.04459        28       640    0.7686    0.8277    0.8897    0.5786   0.02252  0.003031  0.005201
   127/299     11.6G   0.02274  0.007798   0.01091   0.04145        42       640    0.8547    0.8724    0.9254    0.6819   0.02005  0.003019  0.003847
   128/299     11.6G    0.0226  0.007352   0.01126   0.04121        35       640    0.9303    0.8901    0.9458    0.7033   0.01995  0.002914  0.003694
   129/299     11.6G    0.0192  0.007381   0.01081   0.03739        19       640    0.8407    0.7809    0.8508    0.6401   0.02176  0.003395  0.006348
   130/299     11.6G   0.02832  0.007686   0.01307   0.04908        40       640    0.8454     0.715    0.7807    0.5634   0.02376  0.003603   0.00789
   131/299     11.6G   0.02667  0.007168   0.01272   0.04656        23       640    0.7896     0.797    0.8551    0.6227   0.02323  0.002975  0.004886
   132/299     11.6G    0.0264  0.007051   0.01223   0.04568        20       640    0.7168    0.8077    0.8425    0.6027   0.02507   0.00315  0.005456
   133/299       13G    0.0255  0.007531   0.01217    0.0452        17       640    0.8655    0.8637    0.9256     0.698   0.02238  0.002711   0.00446
   134/299       13G   0.02471  0.007719   0.01156   0.04399        22       640    0.9085    0.8034    0.8852    0.6776   0.02248  0.002889  0.004947
   135/299       13G   0.02395  0.007198   0.01276   0.04391        32       640     0.873    0.8668    0.9118    0.6965    0.0203    0.0028  0.004453
   136/299       13G   0.02321  0.007604   0.01168   0.04249        16       640    0.8499    0.9126     0.943    0.7285   0.01882  0.002685  0.003902
   137/299       13G   0.01863  0.007381   0.01096   0.03698        23       640    0.7919    0.8868    0.8944    0.6717   0.02013  0.002766  0.005106
   138/299       13G   0.03076  0.008008   0.01301   0.05178        31       640    0.7744    0.8099    0.8617    0.6217   0.02117  0.003098  0.006289
   139/299       13G   0.01974  0.007529   0.01032   0.03759        18       640    0.8453    0.8434    0.9163    0.6455   0.01963  0.002793  0.004233
   140/299       13G   0.02391   0.00729   0.01234   0.04354        34       640    0.8264    0.8589    0.9165    0.6622   0.01919  0.002871  0.004288
   141/299       13G   0.02404  0.007388   0.01131   0.04273        32       640    0.9624    0.8621    0.9631    0.6953   0.01914  0.002881  0.003818
   142/299       13G    0.0252  0.007589   0.01204   0.04483        22       640    0.9256    0.8861    0.9555    0.7204   0.01821  0.002944  0.004223
   143/299       13G   0.02415  0.007328   0.01159   0.04307        23       640    0.9028    0.9506    0.9684    0.7607   0.01802  0.002857  0.004279
   144/299       13G   0.02155  0.007678   0.01065   0.03988        22       640    0.8698    0.9221    0.9277    0.6874   0.01993  0.002908  0.004179
   145/299       13G   0.02793  0.007163   0.01256   0.04765        18       640     0.874    0.8412    0.9353    0.6907   0.02019  0.002803  0.005313
   146/299       13G   0.02533  0.007219   0.01179   0.04434        25       640    0.5787    0.7862    0.7732    0.4821   0.02567   0.00316  0.007293
   147/299       13G   0.02405  0.007198   0.01104   0.04229        20       640    0.6747    0.7096     0.768     0.496   0.02446  0.003376  0.008106
   148/299       13G   0.02586  0.006934   0.01184   0.04463        16       640    0.7277    0.8699    0.8318     0.563   0.02324  0.003235  0.005839
   149/299       13G   0.02228  0.007643   0.01153   0.04145        17       640    0.7524    0.8606    0.8893    0.6471   0.02153   0.00308  0.005059
   150/299       13G   0.02348  0.007345   0.01076   0.04158        29       640    0.8381    0.8544    0.8921    0.6356   0.02054  0.003097  0.003895
   151/299       13G   0.01905  0.007412   0.01009   0.03655        31       640    0.8911    0.7895    0.9003      0.65   0.02069  0.003184  0.004284
   152/299       13G   0.02549  0.007342   0.01148   0.04431        20       640    0.8884    0.8644    0.9317    0.7257   0.01933  0.002947  0.003749
   153/299       13G   0.01976  0.007325   0.00982   0.03691        33       640    0.9584     0.836    0.9554    0.7382   0.01921  0.002861  0.003489
   154/299       13G   0.02517  0.006895   0.01089   0.04295        20       640    0.8556    0.8286    0.9063    0.7137    0.0187  0.002768  0.004437
   155/299       13G   0.02076  0.007051  0.009987   0.03779        19       640    0.7557    0.7869    0.8564    0.6372   0.01903  0.002993  0.005424
   156/299       13G    0.0278  0.006922   0.01165   0.04637        15       640    0.8443    0.8266    0.9254    0.6954   0.01846  0.002773  0.005052
   157/299       13G   0.02555  0.007775   0.01147   0.04479        30       640    0.8633    0.8316    0.9072    0.6552   0.01805  0.002817  0.004685
   158/299       13G    0.0188  0.007533  0.009862   0.03619        17       640    0.8821    0.8872    0.9464    0.7094   0.01738   0.00271   0.00436
   159/299       13G   0.03046  0.007706   0.01164    0.0498        26       640    0.8867    0.9385    0.9642    0.7396   0.01719  0.002571  0.004264
   160/299       13G   0.02631  0.007265   0.01156   0.04514        25       640    0.7817    0.7787    0.8858    0.6159   0.02241  0.003029  0.006556
   161/299       13G   0.02859  0.007332   0.01197   0.04789        25       640    0.8239    0.7835    0.8844    0.6221    0.0229  0.002895  0.006466
   162/299       13G   0.03584  0.007531   0.01337   0.05674        29       640    0.8878    0.8839     0.955    0.7345   0.01878  0.002668  0.004497
   163/299       13G   0.02898  0.007608   0.01168   0.04827        28       640    0.9585    0.8533    0.9539    0.7372   0.01802  0.002766  0.004364
   164/299       13G   0.02968  0.007221   0.01146   0.04837        26       640    0.9385    0.9158    0.9686    0.7514   0.01751  0.002724     0.004
   165/299       13G   0.02358  0.006949   0.01051   0.04104        19       640    0.9214    0.8868    0.9531    0.7387    0.0188  0.003005  0.004216
   166/299       13G   0.02386  0.007173   0.01118   0.04221        22       640    0.7859     0.772    0.8325     0.573   0.02381  0.003829    0.0081
   167/299       13G    0.0193   0.00722   0.00958    0.0361        23       640    0.8124    0.8175    0.8796    0.6264    0.0228  0.003443  0.005643
   168/299       13G   0.01871  0.007198  0.009605   0.03551        22       640    0.8979    0.9001    0.9348     0.699   0.01943   0.00295  0.004152
   169/299       13G   0.02638  0.006757   0.01149   0.04463        30       640     0.899     0.924     0.964    0.7345   0.01771  0.002823  0.004204
   170/299       13G    0.0308  0.007051   0.01142   0.04927        20       640    0.8591    0.9326    0.9621    0.7301   0.01759  0.002976  0.004268
   171/299       13G    0.0217   0.00698   0.01054   0.03922        21       640    0.9246    0.9347    0.9698    0.7398   0.01734  0.002989   0.00404
   172/299       13G   0.02042  0.006876  0.008892   0.03619        29       640    0.8331    0.9182    0.9453    0.7093    0.0189   0.00293  0.003852
   173/299       13G   0.01951  0.007159  0.009913   0.03658        33       640    0.9052    0.8188     0.937     0.714   0.01848  0.002622   0.00453
   174/299       13G   0.02824  0.006918   0.01097   0.04613        18       640    0.8298    0.8546    0.9055    0.6672    0.0182  0.002773    0.0051
   175/299       13G   0.02261  0.006968   0.01012   0.03969        23       640    0.9244    0.9185    0.9598    0.7243   0.01782  0.002705  0.003739
   176/299       13G   0.02345  0.007206    0.0106   0.04126        24       640    0.9605     0.942    0.9709    0.7577   0.01766  0.002557  0.003643
   177/299       13G   0.03063  0.006628   0.01189   0.04914        16       640    0.9229    0.9413    0.9743     0.768   0.01791  0.002601  0.004037
   178/299       13G   0.02636  0.007002   0.01149   0.04485        15       640    0.9202    0.9423    0.9664    0.7431   0.01864  0.002844  0.004273
   179/299       13G   0.02502  0.007092   0.01131   0.04342        26       640    0.9492    0.8907    0.9672    0.7691   0.01743  0.002722  0.004144
   180/299       13G   0.02055  0.006894  0.009881   0.03732        19       640    0.9226    0.8948    0.9588      0.77   0.01708  0.002625  0.003999
   181/299       13G   0.02627  0.007277   0.01112   0.04466        22       640    0.8752    0.9656    0.9631    0.7479   0.01772   0.00262  0.003614
   182/299       13G   0.02341  0.006661   0.00954   0.03961        18       640    0.9043    0.9597    0.9602    0.7336    0.0179  0.002598  0.003733
   183/299       13G    0.0221  0.006857   0.01025   0.03921        32       640    0.9473    0.9264    0.9766    0.7469   0.01802  0.002573  0.003667
   184/299       13G   0.02531  0.006876   0.01145   0.04363        20       640    0.9718    0.9342    0.9774    0.7648   0.01874  0.002555  0.004184
   185/299       13G   0.02648  0.007331   0.01089   0.04471        34       640     0.942    0.8876    0.9625    0.7472   0.01813  0.002536   0.00393
   186/299       13G   0.02284  0.007015   0.01044   0.04029        18       640    0.9129    0.9067    0.9516    0.7566   0.01831  0.002739  0.004004
   187/299       13G   0.02235  0.007424  0.009957   0.03973        29       640    0.9227      0.89    0.9545    0.7659   0.01753  0.002746  0.003927
   188/299       13G   0.02816  0.006859   0.01105   0.04608        23       640    0.9172    0.9345    0.9682    0.7746   0.01791  0.002697  0.003695
   189/299       13G   0.02168  0.006828  0.009773   0.03828        19       640    0.9201    0.9331    0.9658    0.7602   0.01796  0.002571   0.00383
   190/299       13G   0.02573  0.006841  0.009727    0.0423        26       640    0.9514    0.9114    0.9631    0.7703    0.0181  0.002497  0.003991
   191/299       13G   0.02432  0.007039  0.009867   0.04122        22       640    0.9332    0.9062    0.9619    0.7552   0.01881  0.002525  0.004322
   192/299       13G   0.03307  0.007152   0.01159   0.05182        24       640    0.9194    0.9032    0.9712    0.7696   0.01897   0.00261  0.004274
   193/299       13G   0.02005  0.006976  0.009027   0.03605        21       640    0.8691    0.9033    0.9562    0.7228   0.02004  0.002815  0.004736
   194/299       13G   0.02466  0.006973   0.01087   0.04251        14       640    0.9774    0.9184    0.9751    0.7768   0.01915  0.002487  0.003995
   195/299       13G   0.02403  0.007114  0.009927   0.04107        24       640    0.9602    0.9155    0.9733    0.7815   0.01856  0.002468  0.003515
   196/299       13G   0.03127  0.006665   0.01192   0.04986        26       640    0.9252    0.9371    0.9657    0.7698   0.01849  0.002508  0.003702
   197/299       13G   0.02682  0.006907   0.01022   0.04395        20       640     0.934    0.9464    0.9763    0.7801   0.01863  0.002604  0.003794
   198/299       13G   0.02037  0.006718  0.009621   0.03671        19       640    0.8763    0.8955    0.9334    0.7465   0.02069  0.002895  0.005451
   199/299       13G   0.02564  0.007177   0.01011   0.04293        33       640    0.9567    0.9026     0.962    0.7623   0.02019  0.002912  0.004273
   200/299       13G    0.0299  0.006778   0.01053    0.0472        28       640    0.9661    0.9246    0.9791    0.7721    0.0181  0.002694  0.004567
   201/299       13G   0.02566  0.006523   0.01079   0.04298        14       640    0.9489    0.9177    0.9794    0.7968   0.01788   0.00274  0.004679
   202/299       13G   0.02495  0.006756   0.01014   0.04185        18       640     0.934    0.9562    0.9751    0.7839   0.01814  0.002743  0.004254
   203/299       13G   0.03574  0.006944   0.01247   0.05515        29       640    0.9329    0.9574    0.9792    0.7695   0.01791  0.002604  0.004046
   204/299       13G   0.02147  0.006323  0.009541   0.03734        29       640    0.9672    0.9228    0.9792    0.7733   0.01741  0.002556   0.00431
   205/299       13G   0.02272  0.007039  0.009003   0.03876        27       640    0.9905    0.9102    0.9793    0.7908   0.01736  0.002397  0.004485
   206/299       13G    0.0205  0.006822  0.009113   0.03644        18       640    0.9652    0.9628    0.9833    0.8062   0.01727  0.002371  0.003777
   207/299       13G   0.02946  0.006546    0.0115   0.04751        31       640    0.9856    0.9702    0.9837    0.8163   0.01712  0.002347  0.003581
   208/299       13G   0.02779  0.006954   0.01027   0.04501        31       640    0.9736    0.9527    0.9836    0.8098   0.01761  0.002369  0.003687
   209/299       13G   0.02302  0.006851  0.008784   0.03866        29       640    0.9549    0.9647    0.9796     0.797   0.01783  0.002384  0.003869
   210/299       13G   0.01962   0.00675  0.008094   0.03446        23       640     0.895    0.9164      0.96    0.7552   0.01834  0.002715  0.004997
   211/299       13G   0.02334  0.006492  0.009358   0.03919        24       640    0.9781    0.9022    0.9715    0.7744   0.01795  0.002717  0.004737
   212/299       13G   0.02245  0.006535  0.008917    0.0379        20       640    0.9323    0.9359    0.9707    0.7881    0.0174  0.002578  0.003698
   213/299       13G   0.02064  0.006117   0.00844   0.03519        19       640    0.9529    0.9219    0.9701    0.7724   0.01776  0.002587  0.003829
   214/299       13G   0.02703  0.006732   0.01013   0.04389        38       640    0.9219    0.9654    0.9788    0.7523   0.01802  0.002549  0.003731
   215/299       13G   0.01829  0.006766  0.007948     0.033        27       640    0.9604    0.9419    0.9779    0.7689   0.01773  0.002573  0.003699
   216/299       13G    0.0237  0.006389  0.008837   0.03892        30       640    0.9707    0.9435    0.9763    0.7707   0.01729  0.002528  0.003642
   217/299       13G   0.03168  0.006601   0.01051   0.04879        30       640    0.9624      0.97    0.9782    0.7762   0.01667  0.002498  0.003611
   218/299       13G   0.02577  0.006728  0.009208    0.0417        17       640    0.9242    0.9731    0.9832    0.7838     0.017   0.00275   0.00351
   219/299       13G      0.02    0.0068  0.009899    0.0367        20       640    0.9756    0.9048    0.9627     0.774   0.01672  0.002767  0.003945
   220/299       13G   0.01958  0.006355   0.00859   0.03452        15       640    0.9772    0.9177     0.975    0.7894   0.01704  0.002566  0.004246
   221/299       13G   0.02617  0.006402   0.00903    0.0416        22       640    0.8932    0.9897    0.9803    0.8053    0.0164  0.002411  0.004089
   222/299       13G   0.02688   0.00683  0.009164   0.04287        22       640    0.9671    0.9485    0.9827    0.7731    0.0173  0.002546  0.004493
   223/299       13G   0.02345  0.006149  0.008359   0.03795        20       640    0.9526    0.9196    0.9779    0.7615    0.0179  0.002649  0.004728
   224/299       13G   0.02502  0.006454  0.009857   0.04133        27       640    0.9836    0.9387    0.9847    0.7949   0.01687  0.002572  0.003864
   225/299       13G   0.02223  0.006321  0.009617   0.03817        20       640    0.9935    0.9295    0.9864    0.7976   0.01663  0.002505  0.003314
   226/299       13G   0.02051   0.00605  0.007655   0.03421        28       640    0.9425    0.9721    0.9874    0.8065    0.0166  0.002498  0.003005
   227/299       13G   0.02954  0.006872   0.01111   0.04752        18       640    0.9659    0.9502    0.9872    0.7916    0.0171  0.002503  0.002868
   228/299       13G   0.02609   0.00638  0.009185   0.04166        29       640    0.9651    0.9704    0.9882    0.7893   0.01669  0.002501  0.002825
   229/299       13G   0.02421  0.006746  0.009362   0.04031        31       640    0.9847    0.9705    0.9921    0.8065   0.01628  0.002488   0.00278
   230/299       13G   0.02399  0.006719  0.009076   0.03978        30       640    0.9849    0.9289    0.9889    0.8011   0.01678  0.002484  0.003413
   231/299       13G   0.02241  0.006913   0.01029   0.03961        30       640    0.9018    0.9873    0.9869    0.7943   0.01681  0.002516    0.0037
   232/299       13G    0.0274   0.00666   0.01041   0.04448        43       640    0.9192    0.9665    0.9835    0.7847   0.01673  0.002485  0.004205
   233/299       13G   0.02594   0.00653  0.009714   0.04219        16       640    0.9281     0.972    0.9801    0.7858   0.01658  0.002468  0.003969
   234/299       13G   0.02416  0.006461  0.009057   0.03967        18       640    0.9016    0.9612    0.9584     0.769   0.01683  0.002442  0.003872
   235/299       13G   0.01817  0.006387  0.008273   0.03283        15       640    0.9477    0.9185    0.9478    0.7382   0.01808  0.002481  0.003742
   236/299       13G    0.0266  0.006583   0.01001   0.04319        19       640    0.9354    0.9736    0.9839    0.7781   0.01731  0.002536  0.003552
   237/299       13G   0.02425  0.006218    0.0091   0.03957        27       640    0.9681    0.9571      0.99    0.7828   0.01735  0.002578  0.003574
   238/299       13G   0.02319  0.006625  0.008885    0.0387        25       640    0.9695    0.9237    0.9836    0.7878   0.01655  0.002515  0.003829
   239/299       13G   0.02005  0.006855   0.00855   0.03545        30       640    0.9182    0.9398    0.9829    0.7888   0.01667  0.002512   0.00419
   240/299       13G   0.02223   0.00649  0.009177    0.0379        21       640    0.9212    0.9588    0.9836    0.7904   0.01647  0.002493  0.003965
   241/299       13G   0.01964  0.006597  0.007899   0.03414        20       640     0.966    0.9409    0.9861     0.803   0.01654  0.002495  0.003583
   242/299       13G   0.02777  0.006654   0.01015   0.04457        25       640    0.9546    0.9521    0.9835    0.8006   0.01694  0.002501  0.003332
   243/299       13G   0.01852  0.006619  0.008019   0.03316        20       640    0.9595    0.9593    0.9851    0.8189   0.01693  0.002493   0.00318
   244/299       13G   0.02465  0.006788  0.009439   0.04088        33       640    0.9517    0.9329    0.9801    0.8017   0.01674  0.002505  0.003372
   245/299       13G    0.0152  0.006057  0.006976   0.02823        29       640    0.9502    0.9458    0.9806    0.8128   0.01601   0.00251  0.003591
   246/299       13G   0.02336  0.006612  0.008841   0.03881        23       640    0.9883    0.9261    0.9814    0.8044   0.01612  0.002548  0.003822
   247/299       13G   0.02091  0.006065  0.009313   0.03629        21       640    0.9759    0.9469    0.9851    0.8001   0.01625  0.002535  0.003912
   248/299       13G   0.01737  0.006234  0.007149   0.03075        19       640    0.9684    0.9754    0.9869    0.8109   0.01614  0.002443  0.003807
   249/299       13G   0.02258  0.006076  0.009373   0.03803        39       640    0.9601    0.9736    0.9886    0.8217   0.01618  0.002377  0.003731
   250/299       13G   0.02124    0.0061  0.008472   0.03581        27       640    0.9623    0.9571    0.9848    0.8131   0.01626   0.00241  0.003616
   251/299       13G   0.01818  0.006018  0.008198    0.0324        22       640    0.9572    0.9699    0.9848    0.8112   0.01658  0.002448  0.003494
   252/299       13G    0.0222   0.00644  0.008781   0.03743        22       640     0.966    0.9598    0.9861    0.8192   0.01643  0.002449  0.003534
   253/299       13G   0.02334  0.006395   0.00857    0.0383        27       640     0.942    0.9733    0.9841    0.8068   0.01646    0.0025  0.003932
   254/299       13G   0.02379    0.0064  0.008539   0.03873        26       640    0.9565    0.9333    0.9771    0.7995   0.01677  0.002616  0.004033
   255/299       13G   0.02788  0.006792  0.009821   0.04449        25       640    0.9705    0.9165    0.9746    0.7874   0.01703  0.002671  0.004342
   256/299       13G   0.01917  0.005757  0.007611   0.03253        22       640    0.9436     0.947    0.9822    0.7959   0.01647  0.002592  0.003858
   257/299       13G   0.01545  0.006729  0.007091   0.02927        28       640    0.9636    0.9156    0.9844    0.8289   0.01612  0.002558  0.003529
   258/299       13G     0.021  0.006247  0.008986   0.03623        21       640    0.9679    0.9177    0.9809    0.8075   0.01638  0.002526  0.003428
   259/299       13G   0.01687  0.006059  0.007021   0.02995        29       640     0.911    0.9832    0.9819    0.7994   0.01637  0.002528  0.003628
   260/299       13G   0.01909  0.006286  0.007923    0.0333        22       640    0.9488    0.9465    0.9805    0.8004   0.01653  0.002516  0.003838
   261/299       13G      0.02  0.006148   0.00747   0.03362        26       640    0.9513    0.9833    0.9823       0.8   0.01662  0.002498  0.003755
   262/299       13G   0.02285  0.006001  0.009429   0.03828        16       640    0.9523    0.9747    0.9838    0.8052   0.01637  0.002516  0.004087
   263/299       13G   0.02185  0.006507  0.008498   0.03686        22       640    0.9341         1    0.9867    0.8091   0.01613  0.002419  0.003487
   264/299       13G   0.02231  0.006388  0.008309   0.03701        28       640    0.9449    0.9786     0.983    0.7979   0.01651   0.00243  0.003287
   265/299       13G   0.02364  0.006367  0.009763   0.03977        24       640    0.9411    0.9783    0.9858    0.8041     0.016  0.002487  0.003408
   266/299       13G   0.02418  0.006319   0.01041   0.04091        27       640    0.9345    0.9728    0.9864    0.8081   0.01598  0.002492  0.003564
   267/299       13G   0.02047  0.006578  0.008376   0.03542        33       640    0.9209    0.9619    0.9804    0.8038   0.01609   0.00247  0.003995
   268/299       13G   0.01771  0.006203  0.007657   0.03157        23       640    0.9605    0.9265    0.9854    0.8062   0.01597  0.002427  0.004295
   269/299       13G   0.01871  0.006171  0.007837   0.03271        27       640    0.9101    0.9923    0.9866       0.8   0.01575  0.002421  0.004225
   270/299       13G   0.02035  0.005927  0.008153   0.03443        15       640    0.9368    0.9663    0.9857    0.8157   0.01573  0.002412  0.003926
   271/299       13G   0.01985  0.006251  0.007677   0.03378        21       640     0.941    0.9852    0.9869    0.8222   0.01585  0.002381  0.003846
   272/299       13G   0.02453   0.00608  0.008552   0.03916        24       640    0.9364    0.9998    0.9905     0.826   0.01574  0.002338  0.003565
   273/299       13G   0.02194  0.006394  0.008011   0.03634        25       640    0.9359    0.9998    0.9903    0.8131   0.01586  0.002368  0.003552
   274/299       13G   0.02144   0.00652  0.008113   0.03608        28       640    0.9676    0.9682    0.9884    0.8132   0.01596  0.002403  0.003583
   275/299       13G   0.02221  0.006076  0.008285   0.03657        31       640    0.9788    0.9638    0.9894    0.8102   0.01634  0.002462  0.003658
   276/299       13G   0.02473  0.006601  0.009886   0.04121        27       640    0.9244    0.9655    0.9843    0.8025   0.01639  0.002461  0.003553
   277/299       13G   0.02336  0.006448  0.009285   0.03909        25       640     0.979    0.9349    0.9856    0.8038   0.01623  0.002441  0.003618
   278/299       13G   0.02342   0.00623  0.009043   0.03869        27       640    0.9653     0.945    0.9851    0.8138   0.01643  0.002454  0.003782
   279/299       13G    0.0211  0.006416  0.008171   0.03569        28       640    0.9706     0.939    0.9834    0.8061   0.01666  0.002535  0.004154
   280/299       13G   0.02104  0.006255  0.008557   0.03586        24       640    0.9733    0.9428    0.9863    0.8095   0.01671  0.002472  0.003749
   281/299       13G   0.02301  0.005866  0.008182   0.03706        21       640     0.949    0.9846     0.988    0.8104    0.0164  0.002445  0.003583
   282/299       13G   0.02155  0.006529  0.009215   0.03729        23       640    0.9716    0.9748    0.9921    0.8153   0.01663  0.002417  0.003673
   283/299       13G   0.02117  0.006239    0.0082   0.03561        18       640    0.9718    0.9468    0.9853    0.8078   0.01694  0.002432   0.00386
   284/299       13G   0.02005  0.006056  0.007625   0.03373        29       640    0.9417    0.9732    0.9839    0.8028    0.0169  0.002417  0.003762
   285/299       13G   0.01918  0.005738  0.007745   0.03266        15       640    0.9365         1    0.9854    0.8099    0.0167  0.002399  0.003443
   286/299       13G   0.02421  0.006358  0.008527   0.03909        28       640    0.9273    0.9873    0.9821    0.8112   0.01672  0.002409  0.003307
   287/299       13G   0.02247  0.006012  0.008963   0.03745        26       640    0.9035         1    0.9827    0.8088   0.01683   0.00242  0.003415
   288/299       13G    0.0203  0.005611  0.007145   0.03306        19       640    0.9143     0.985    0.9842     0.812   0.01669  0.002449  0.003418
   289/299       13G   0.02023  0.006421  0.008265   0.03491        22       640    0.9736    0.9438    0.9855    0.8201   0.01664  0.002455  0.003452
   290/299       13G   0.01932  0.005979  0.007203   0.03251        21       640    0.9725    0.9302    0.9855    0.8128   0.01653  0.002509  0.003963
   291/299       13G   0.01811  0.006784  0.007966   0.03286        32       640    0.9331     0.967    0.9892    0.8076   0.01666  0.002518  0.004142
   292/299       13G   0.02279  0.006181  0.009097   0.03807        30       640    0.9252    0.9673    0.9847    0.8006   0.01659  0.002516  0.003925
   293/299       13G   0.01695  0.006213  0.007088   0.03025        33       640    0.9103    0.9745    0.9775    0.8031   0.01649  0.002485  0.003667
   294/299       13G   0.01641   0.00616  0.006488   0.02905        33       640    0.9399    0.9815    0.9862    0.8151   0.01632  0.002442   0.00333
   295/299       13G   0.02588  0.006721  0.009129   0.04173        21       640    0.9445    0.9712    0.9883    0.8063   0.01639  0.002518  0.003191
   296/299       13G   0.02005   0.00644  0.007966   0.03446        28       640    0.9134    0.9912    0.9845    0.8047   0.01648  0.002555  0.003175
   297/299       13G   0.02398  0.006054   0.01024   0.04028        20       640    0.9847    0.9433    0.9883    0.8076   0.01637  0.002572  0.003255
   298/299       13G   0.02042  0.006223   0.00953   0.03617        25       640    0.9805    0.9559    0.9919    0.8236   0.01626  0.002414  0.003272
   299/299       13G   0.02229    0.0064  0.009206    0.0379        26       640    0.9903    0.9102    0.9901    0.8152   0.01657  0.002419  0.003553
